ADJUSTED_EARLY_COUNT,ADJUSTED_ONTIME_COUNT,ADJUSTED_LATE_COUNT,TOTAL,PCT_EARLY,PCT_ONTIME,PCT_LATE
5,1,1,7,0.71,0.14,0.14
4,2,1,7,0.57,0.29,0.14
1,40,38,79,0.01,0.51,0.48
0,54,25,79,0.0,0.68,0.32
2,204,74,280,0.01,0.73,0.26
7,206,70,283,0.02,0.73,0.25
0,3,1,4,0.0,0.75,0.25
4,106,32,142,0.03,0.75,0.23
4,106,31,141,0.03,0.75,0.22
1,107,33,141,0.01,0.76,0.23
77,369,33,479,0.16,0.77,0.07
57,391,34,482,0.12,0.81,0.07
76,383,15,474,0.16,0.81,0.03
2,53,10,65,0.03,0.82,0.15
31,394,53,478,0.06,0.82,0.11
0,115,26,141,0.0,0.82,0.18
21,132,7,160,0.13,0.82,0.04
0,5,1,6,0.0,0.83,0.17
64,398,16,478,0.13,0.83,0.03
4,134,21,159,0.03,0.84,0.13
32,413,39,484,0.07,0.85,0.08
10,409,60,479,0.02,0.85,0.13
11,408,58,477,0.02,0.86,0.12
1,250,35,286,0.0,0.87,0.12
15,414,49,478,0.03,0.87,0.1
18,468,34,520,0.03,0.9,0.07
11,403,24,438,0.03,0.92,0.05
2,409,27,438,0.0,0.93,0.06
17,282,5,304,0.06,0.93,0.02
7,447,25,479,0.01,0.93,0.05
4,444,24,472,0.01,0.94,0.05
4,453,24,481,0.01,0.94,0.05
12,275,6,293,0.04,0.94,0.02
4,290,16,310,0.01,0.94,0.05
0,421,17,438,0.0,0.96,0.04
0,419,19,438,0.0,0.96,0.04
0,460,18,478,0.0,0.96,0.04
0,424,11,435,0.0,0.97,0.03
0,429,9,438,0.0,0.98,0.02
1,255,3,259,0.0,0.98,0.01
0,258,2,260,0.0,0.99,0.01
0,309,2,311,0.0,0.99,0.01
0,217,0,217,0.0,1.0,0.0
